1 9.108719502638316 13.122782416555124 2
2 9.99425317381537 13.91349919618133 4
3 10.059558016822526 14.002733691687736 6
4 10.093516535186248 14.02858336697332 8
5 10.585479685840168 14.523622353949333 10
6 10.671682078609617 14.628083370514371 12
7 11.503230412900754 15.494578650292844 14
8 11.56505233094753 15.527864533537297 16
9 11.662574229838219 15.625243447284367 18
10 11.779252216011006 15.667381959051282 20
11 11.807115615694059 15.69075289835058 22
12 11.842815596537973 15.7084581553955 24
